188
4
1
4
2
3
3
3
4
2
5
2
6
2
7
2
8
2
9
2
9
2
10
3
11
3
12
3
13
3
14
3
15
4
15
5
16
6
16
7
16
8
16
8
16
9
16
10
16
11
15
12
15
13
15
14
15
15
15
16
15
17
16
18
16
19
16
20
15
21
15
22
15
23
14
23
13
23
12
23
11
24
11
25
11
26
11
27
11
27
10
27
9
28
9
28
8
28
7
28
6
28
5
28
5
28
4
28
3
27
3
27
2
27
1
26
1
25
1
24
1
22
1
22
1
23
1
21
1
20
1
18
1
19
1
17
1
15
1
16
1
14
1
13
1
12
1
11
2
11
3
10
4
9
5
8
5
8
4
8
3
8
2
8
1
8
6
7
6
7
7
7
8
8
7
8
8
8
9
8
10
7
10
7
9
6
9
6
8
6
7
12
12
10
14
10
15
3
9
3
10
4
5
4
4
4
3
3
6
3
5
6
10
6
11
7
12
7
11
8
11
8
12
9
8
9
7
9
6
10
5
10
6
11
6
11
5
11
4
12
3
12
2
13
3
14
3
15
3
16
3
17
2
18
2
19
2
20
3
21
3
22
3
23
3
24
3
25
4
26
4
27
4
27
5
26
10
26
9
19
15
17
4
9
9
21
4
22
4
21
5
22
5
22
6
21
6
21
7
22
7
20
11
20
10
20
9
20
8
19
8
19
7
19
6
18
6
17
6
17
7
16
7
15
7
14
7
14
8
13
8
12
8
12
9
14
9
13
9
15
9
16
9
17
9
17
10
18
10
19
10
19
11
18
11
17
11
16
11
16
12
15
11
14
11
13
11
12
11
12
10
17
12
18
12
19
12
