100
8
16
8
15
7
14
6
14
5
13
5
12
5
11
5
10
6
9
6
8
5
7
6
6
6
5
6
4
6
3
6
2
7
1
8
1
9
1
10
2
10
1
11
2
12
1
13
1
14
1
13
2
10
12
11
16
12
15
12
14
11
13
11
10
10
8
10
7
9
7
9
6
10
6
11
6
12
6
13
7
14
7
15
7
16
6
17
5
17
4
17
3
17
2
17
1
12
10
13
9
14
9
15
10
16
10
17
9
17
8
18
8
19
8
19
9
20
9
21
9
22
9
23
8
23
7
23
6
23
5
24
4
25
5
26
6
27
6
28
7
29
8
11
12
12
12
13
12
14
12
15
13
16
13
17
13
17
12
18
12
19
12
20
12
21
12
22
12
23
12
23
13
24
13
25
13
26
14
27
14
28
13
27
12
27
11
28
11
29
9
29
10
12
8
12
7
11
7
11
8
