103
1
10
2
9
3
9
4
9
5
9
6
9
7
9
8
10
8
11
8
12
8
13
8
14
8
15
8
16
1
6
2
6
3
6
4
6
5
6
6
6
7
6
8
7
9
6
10
6
11
6
12
6
12
7
13
7
14
7
15
7
16
7
17
7
18
7
19
7
19
6
18
5
18
4
19
3
19
2
20
2
21
3
21
4
21
5
14
9
14
10
14
12
14
13
15
10
16
10
17
10
18
10
19
13
20
13
21
13
21
12
20
12
19
12
19
11
19
10
21
12
20
11
21
11
22
11
22
12
22
10
21
10
20
10
20
9
21
9
23
12
23
4
23
3
21
2
22
1
23
2
25
4
24
2
25
3
26
4
27
4
28
4
29
4
28
5
30
4
31
5
31
6
32
6
32
11
31
11
32
12
28
12
27
13
27
12
28
11
29
11
30
10
31
10
32
10
26
15
27
14
25
15
24
16
24
3
